1111111
1111111
1111111
1511111
1111111
1111111
0000000
0900000
0000000
0000000
0000000
0000000
1111111
1111111
1111111
1511111
1111111
1111111
0000000
0900000
0000000
0000000
0000000
0000000
1111111
1111111
1111111
1511111
1111111
1111111
0000000
0900000
0000000
0000000
0000000
0000000
1111111
1111111
1111111
1511111
1111111
1111111
0000000
0900000
0000000
0000000
0000000
0000000
1111111
1111111
1511111
1111111
1111111
1111111
0000000
0900000
0000000
0000000
0000000
0000000
1111111
1111111
1511111
1111111
1111111
1111111
0000000
0900000
0000000
0000000
0000000
0000000
1111111
1111111
1151111
1111111
1111111
1111111
0000000
0900000
0000000
0000000
0000000
0000000
1111111
1111111
1115111
1111111
1111111
1111111
0000000
0900000
0000000
0000000
0000000
0000000
1111111
1111111
1115111
1111111
1111111
1111111
0000000
0900000
0000000
0000000
0000000
0000000
1111111
1111111
1115111
1111111
1111111
1111111
0000000
0900000
0000000
0000000
0000000
0000000
1111111
1111111
1115111
1111111
1111111
1111111
0000000
0900000
0000000
0000000
0000000
0000000
1111111
1111111
1111111
1511111
1111111
1111111
0000000
0000000
0000000
0000000
0090000
0000000
1111111
1111111
1111111
1511111
1111111
1111111
0000000
0000000
0000000
0000000
0090000
0000000
1111111
1111111
1111111
1511111
1111111
1111111
0000000
0000000
0000000
0000000
0090000
0000000
1111111
1111111
1111111
1511111
1411111
1111111
0000000
0000000
0000000
0000000
0090000
0000000
1111111
1111111
1111111
1511111
1111111
1411111
0000000
0000000
0000000
0000000
0090000
0000000
1111111
1111111
1111111
1511111
1111111
1111111
0100000
0400000
0000000
0000000
0090000
0000000
1111111
1111111
1111111
1511111
1111111
1111111
0100000
0100000
0400000
0000000
0090000
0000000
1111111
1111111
1111111
1511111
1111111
1111111
0100000
0100000
0100000
0400000
0090000
0000000
1111111
1111111
1111111
1511111
1111111
1111111
0100000
0100000
0100000
0100000
0490000
0000000
1111111
1111111
1111111
1511111
1111111
1111111
0100000
0100000
0100000
0100000
0190000
0400000
1111111
1111111
1111111
1511111
1111111
1111111
0100000
0100000
0100000
0100000
0190000
0100000
1111111
1111111
1111111
1511111
1111111
1111111
0100000
0100000
0100000
0100000
0190000
0100000
1111111
1111111
1111111
1541111
1111111
1111111
0100000
0100000
0100000
0100000
0190000
0100000
1111111
1111111
1111111
1514111
1111111
1111111
0100000
0100000
0100000
0100000
0190000
0100000
1111111
1111111
1111111
1511141
1111111
1111111
0100000
0100000
0100000
0100000
0190000
0100000
1111111
1111111
1111111
1511114
1111111
1111111
0100000
0100000
0100000
0100000
0190000
0100000
1111111
1111111
1111111
1511111
1111111
1111111
0100000
0100000
0100000
0100000
0190000
0100000
1111111
1111111
1111111
1511111
1111111
1111111
0100000
0100000
0100000
0100000
0190000
0100000
1111111
1111111
1111111
1111111
1151111
1111111
0000000
0000900
0000000
0000000
0000000
0000000
1111111
1111111
1111111
1111111
1151111
1111111
0000000
0000900
0000000
0000000
0000000
0000000
1111111
1111111
1111111
1111111
1151111
1111111
0000000
0000900
0000000
0000000
0000000
0000000
1111111
1111111
1111111
1111111
1151111
1111111
0000000
0000900
0000000
0000000
0000000
0000000
1111111
1111111
1111111
1111111
1151111
1111111
0000000
0000900
0000000
0000000
0000000
0000000
1111111
1111111
1111111
1111111
1151111
1111111
0000000
0000900
0000000
0000000
0000000
0000000
1111111
1111111
1111111
1111111
1151111
1111111
0000000
0000900
0000000
0000000
0000000
0000000
1111111
1111111
1111111
1111111
1151111
1111111
0000000
0000900
0000000
0000000
0000000
0000000
1111111
1111111
1111111
1111111
1151111
1111111
0000000
0000900
0000000
0000000
0000000
0000000
1111111
1111111
1111111
1111111
1151111
1111111
0000000
0000900
0000000
0000000
0000000
0000000
1111111
1111111
1111111
1111111
1151111
1111111
0000000
0000900
0000000
0000000
0000000
0000000
